3.561182022094726562e-01
4.499650001525878906e-01
5.722566246986389160e-01
-3.621727973222732544e-02
-5.155980587005615234e-01
7.687556743621826172e-01
7.252229452133178711e-01
3.213179111480712891e-01
-6.116381660103797913e-02
-7.081588357686996460e-02
7.082698345184326172e-01
-2.106148451566696167e-01
-1.605798862874507904e-02
-5.597640275955200195e-01
5.418155789375305176e-01
-4.458625912666320801e-01
-3.368922322988510132e-02
-7.141753435134887695e-01
6.688534617424011230e-01
2.612185776233673096e-01
-9.193151593208312988e-01
8.961032032966613770e-01
-4.337403178215026855e-02
7.334757596254348755e-02
7.706109285354614258e-01
-1.404730439186096191e+00
-1.653892993927001953e+00
-1.063473939895629883e+00
2.675760388374328613e-01
6.884828209877014160e-01
2.841742336750030518e-01
1.129209175705909729e-01
7.696818113327026367e-01
2.770860195159912109e-01
1.192839622497558594e+00
6.822215914726257324e-01
-7.002513390034437180e-03
-6.678366661071777344e-01
-1.273215770721435547e+00
1.670307479798793793e-02
4.199478030204772949e-01
9.327541589736938477e-01
1.234855890274047852e+00
5.487443506717681885e-02
1.541541665792465210e-01
1.377688348293304443e-01
3.690634369850158691e-01
4.022144079208374023e-01
7.535926103591918945e-01
1.104775786399841309e+00
2.740565240383148193e-01
-7.238172888755798340e-01
-5.464072227478027344e-01
8.258060365915298462e-02
1.718184798955917358e-01
7.281432747840881348e-01
1.485389769077301025e-01
2.673740088939666748e-01
1.072064876556396484e+00
-5.032149553298950195e-01
1.572069644927978516e+00
-1.732366383075714111e-01
-3.402569591999053955e-01
8.556094765663146973e-01
9.106455445289611816e-01
6.328067779541015625e-01
3.761140406131744385e-01
7.045728564262390137e-01
7.567425370216369629e-01
1.691058427095413208e-01
6.837239861488342285e-01
4.400210976600646973e-01
-3.570916056632995605e-01
1.675689220428466797e-01
3.272305727005004883e-01
1.159887462854385376e-01
4.036846458911895752e-01
-3.681336343288421631e-02
7.153317332267761230e-01
7.482025623321533203e-01
-1.798292100429534912e-01
1.250000119209289551e+00
5.417856574058532715e-01
2.064890712499618530e-01
1.244932532310485840e+00
4.618430137634277344e-01
-1.299835443496704102e+00
2.437954545021057129e-01
-7.443904280662536621e-01
5.872441455721855164e-02
6.904791593551635742e-01
-6.796837449073791504e-01
2.736870646476745605e-01
6.396885961294174194e-02
1.509729146957397461e+00
8.688036203384399414e-01
2.026896737515926361e-02
7.205421924591064453e-01
-3.376066088676452637e-01
-6.229224056005477905e-02
