-1.653676509857177734e+00
-1.221749305725097656e+00
-2.684634029865264893e-01
9.699230641126632690e-02
-9.036189317703247070e-01
-1.106668487191200256e-01
-2.273190617561340332e-01
-4.529833793640136719e-01
-1.168340921401977539e+00
-2.652670145034790039e-01
-9.740298986434936523e-01
-1.559109687805175781e+00
-1.066343069076538086e+00
-1.260555624961853027e+00
-1.174688100814819336e+00
-7.626102566719055176e-01
-7.835147976875305176e-01
-1.643036365509033203e+00
-9.735986590385437012e-01
-1.229700922966003418e+00
-3.838201165199279785e-01
5.136745572090148926e-01
-1.534838557243347168e+00
-1.540212273597717285e+00
-1.394770026206970215e+00
-5.032401084899902344e-01
-1.538513541221618652e+00
-1.331016778945922852e+00
-6.645706295967102051e-01
-7.821758389472961426e-01
-1.653656840324401855e+00
-1.353281438350677490e-01
-3.468978703022003174e-01
-9.260009527206420898e-01
-2.854035496711730957e-01
-9.391598105430603027e-01
-1.070795893669128418e+00
-1.615567207336425781e+00
-1.482149481773376465e+00
-1.576791048049926758e+00
-1.262114644050598145e+00
-1.478411316871643066e+00
-8.272824883460998535e-01
-5.408728718757629395e-01
-1.495201587677001953e+00
-2.655353248119354248e-01
-2.395629286766052246e-01
-6.062760949134826660e-01
-1.141053676605224609e+00
-3.116522133350372314e-01
-4.202916920185089111e-01
-1.043405458331108093e-01
-9.748228639364242554e-02
-1.088280320167541504e+00
-2.103749036788940430e+00
-9.365793466567993164e-01
-2.191407084465026855e-01
-1.568880081176757812e+00
-6.137403249740600586e-01
-7.502565383911132812e-01
-7.548924088478088379e-01
-6.610918045043945312e-01
-3.837029337882995605e-01
-1.486549258232116699e+00
-1.565319657325744629e+00
-1.446271300315856934e+00
-1.254431366920471191e+00
-1.430727481842041016e+00
-1.822021245956420898e+00
-1.060087203979492188e+00
-1.392357945442199707e-01
-1.247496962547302246e+00
-4.882333874702453613e-01
9.400143027305603027e-01
-1.045328736305236816e+00
-1.356540322303771973e+00
4.809966683387756348e-01
-1.520140469074249268e-01
5.772085189819335938e-01
-9.826959371566772461e-01
-3.451205193996429443e-01
-1.143995881080627441e+00
-9.078491330146789551e-01
-1.258657425642013550e-01
-9.764542579650878906e-01
-8.784522861242294312e-02
-1.145510554313659668e+00
-7.800042033195495605e-01
-1.871328473091125488e+00
-1.101505041122436523e+00
-6.088811159133911133e-01
-1.127269983291625977e+00
-4.541177749633789062e-01
-1.539271831512451172e+00
-1.138494372367858887e+00
1.277280002832412720e-01
-5.557037591934204102e-01
-6.512632220983505249e-02
5.736302733421325684e-01
-3.706392347812652588e-01
