4.636934995651245117e-01
2.382958531379699707e-01
-1.164958596229553223e+00
-7.837361842393875122e-02
5.216554999351501465e-01
4.226171076297760010e-01
3.878885805606842041e-01
3.571251034736633301e-01
2.326279580593109131e-01
5.631219148635864258e-01
-1.769070476293563843e-01
-7.165325339883565903e-03
-3.601234853267669678e-01
-7.041274309158325195e-01
-2.901711165904998779e-01
-3.968880977481603622e-03
1.772470325231552124e-01
-9.976247549057006836e-01
-4.102873206138610840e-01
-4.779816269874572754e-01
-9.786000102758407593e-02
7.277306318283081055e-01
3.517168760299682617e-01
2.447138130664825439e-01
1.401796936988830566e+00
7.545001506805419922e-01
1.942940205335617065e-01
2.533668577671051025e-01
1.464999616146087646e-01
-2.809163630008697510e-01
-8.944467306137084961e-01
1.031284332275390625e+00
-8.941252231597900391e-01
1.933830827474594116e-01
1.043096706271171570e-01
2.578799128532409668e-01
8.246337175369262695e-01
-5.549783706665039062e-01
2.763020992279052734e-01
6.025444865226745605e-01
-1.066794022917747498e-01
-1.307913511991500854e-01
7.450552582740783691e-01
-1.310932822525501251e-02
-6.897367835044860840e-01
7.024822235107421875e-01
6.760888099670410156e-01
1.728947646915912628e-02
4.582969546318054199e-01
-1.600003123283386230e+00
-1.052116394042968750e+00
-7.030639648437500000e-01
-1.215027332305908203e+00
-8.392569422721862793e-01
-1.473908543586730957e+00
4.443068057298660278e-02
1.246997900307178497e-02
-1.182009458541870117e+00
-4.957490861415863037e-01
8.141634613275527954e-02
6.513515710830688477e-01
1.895029991865158081e-01
-8.801596164703369141e-01
9.059436321258544922e-01
-3.714919388294219971e-01
6.764495968818664551e-01
-4.165083765983581543e-01
7.735980749130249023e-01
-2.472184896469116211e-01
1.152361929416656494e-01
4.311387836933135986e-01
-2.114531695842742920e-01
-5.004272460937500000e-01
4.398773014545440674e-01
5.633548498153686523e-01
7.215614318847656250e-01
-3.472082316875457764e-01
-5.518696904182434082e-01
5.833327174186706543e-01
4.774757027626037598e-01
2.516468465328216553e-01
-2.950985431671142578e-01
2.832753211259841919e-02
-2.080218791961669922e+00
-6.570649743080139160e-01
9.082586765289306641e-01
1.268123507499694824e+00
-6.619129776954650879e-01
2.619437873363494873e-01
1.159862130880355835e-01
4.464082121849060059e-01
-4.570740759372711182e-01
5.562747120857238770e-01
-1.618749022483825684e+00
-1.932422399520874023e+00
9.808360934257507324e-01
4.050285816192626953e-01
4.615589976310729980e-01
5.592424869537353516e-01
3.046961426734924316e-01
