-1.406206846237182617e+00
-5.516824722290039062e-01
-1.253915309906005859e+00
-1.456689238548278809e+00
-9.224709272384643555e-01
-1.021881580352783203e+00
-6.440883278846740723e-01
-1.260307908058166504e+00
-1.302873253822326660e+00
-6.722537875175476074e-01
-8.317698240280151367e-01
8.764050006866455078e-01
1.884430795907974243e-01
-6.828870773315429688e-01
-1.361293315887451172e+00
-6.846408247947692871e-01
-1.082787871360778809e+00
-5.265833809971809387e-02
-3.451390266418457031e-01
-2.548848390579223633e-01
-3.324978947639465332e-01
-1.113911032676696777e+00
5.824144482612609863e-01
-1.921373605728149414e+00
-1.059933304786682129e+00
-8.088261485099792480e-01
-1.028897404670715332e+00
-2.458460256457328796e-02
-3.136697411537170410e-01
-3.236506581306457520e-01
-2.786504328250885010e-01
-1.552793979644775391e+00
-1.277693033218383789e+00
-4.563973546028137207e-01
-6.706764698028564453e-01
-7.263325452804565430e-01
-1.679874420166015625e+00
-8.415206074714660645e-01
-7.921931147575378418e-01
-1.925897359848022461e+00
-1.088360548019409180e+00
-1.358413457870483398e+00
2.602063119411468506e-01
-7.763407826423645020e-01
-3.997600972652435303e-01
-6.430439352989196777e-01
3.203044235706329346e-01
-1.277121901512145996e+00
-1.316128492355346680e+00
-1.374187469482421875e+00
-3.753029704093933105e-01
-5.830055475234985352e-01
-6.052079200744628906e-01
-8.362228870391845703e-01
-1.373342610895633698e-02
-9.385101199150085449e-01
-1.189636588096618652e+00
-1.639630317687988281e+00
-1.588693737983703613e+00
-3.916189074516296387e-02
-9.116957783699035645e-01
-6.159793734550476074e-01
-2.048639535903930664e+00
2.794020771980285645e-01
-8.177468180656433105e-02
-1.355237960815429688e+00
2.810558080673217773e-01
-1.530479431152343750e+00
-9.771710634231567383e-01
-6.360178589820861816e-01
-4.427913129329681396e-01
-1.510258197784423828e+00
-7.339335680007934570e-01
-3.532256558537483215e-02
3.272305727005004883e-01
-3.207889497280120850e-01
-9.919683933258056641e-01
-1.618657857179641724e-01
-1.670095771551132202e-01
-2.356389462947845459e-01
-6.914357542991638184e-01
-8.908087015151977539e-01
-1.759400367736816406e-01
1.204947903752326965e-01
-1.288337826728820801e+00
-1.519268393516540527e+00
-1.501027822494506836e+00
-1.061277389526367188e+00
-6.208817958831787109e-01
-5.065633449703454971e-03
-1.565055608749389648e+00
-1.427100777626037598e+00
-1.164905905723571777e+00
-1.894374132156372070e+00
-8.397942185401916504e-01
-1.077299356460571289e+00
-1.369295001029968262e+00
-1.239688396453857422e+00
-1.362720489501953125e+00
-2.249689251184463501e-01
