-1.732225537300109863e+00
-4.609258472919464111e-01
-5.726126432418823242e-01
-1.150346636772155762e+00
-9.499267339706420898e-01
-1.274608492851257324e+00
-4.829105138778686523e-01
-1.515767455101013184e+00
-4.696834981441497803e-01
-1.341764688491821289e+00
-3.589117527008056641e-01
-1.200957894325256348e+00
-5.268101096153259277e-01
-2.708845399320125580e-02
-1.342079758644104004e+00
-1.141588449478149414e+00
-8.735122680664062500e-01
-1.563674569129943848e+00
-3.054812550544738770e-01
-1.489530920982360840e+00
-9.444473385810852051e-01
-9.488412737846374512e-01
-9.196361303329467773e-01
-1.645013570785522461e+00
-1.401940941810607910e+00
-6.933045983314514160e-01
-5.144099593162536621e-01
-8.918865323066711426e-01
-1.112157702445983887e+00
-1.018412351608276367e+00
-1.063521504402160645e+00
-1.576776802539825439e-01
-1.129860162734985352e+00
-5.162656903266906738e-01
-1.425332546234130859e+00
-5.124596357345581055e-01
-9.019404649734497070e-01
-1.068929672241210938e+00
-1.788325548171997070e+00
-9.259635806083679199e-01
-9.856151342391967773e-01
-4.919874966144561768e-01
-1.078547477722167969e+00
-1.529890418052673340e+00
-8.057518005371093750e-01
-2.587703168392181396e-01
-1.339748501777648926e+00
-5.102073550224304199e-01
-6.046429276466369629e-01
-1.534670472145080566e+00
-5.130116939544677734e-01
-3.951789438724517822e-01
-1.644328117370605469e+00
-1.535644888877868652e+00
-7.650302648544311523e-01
-6.870466470718383789e-01
-6.088458299636840820e-01
-1.224555492401123047e+00
-9.281109571456909180e-01
-1.183820366859436035e+00
-1.091664552688598633e+00
-1.172789931297302246e+00
-1.226242035627365112e-01
-8.295020461082458496e-02
-1.189340233802795410e+00
-1.778850674629211426e+00
-5.173014402389526367e-01
-5.959236025810241699e-01
-8.353286981582641602e-01
9.223590791225433350e-02
-3.615349829196929932e-01
-1.055858492851257324e+00
-4.363599419593811035e-01
-1.152722239494323730e+00
-5.985087156295776367e-01
-5.291520357131958008e-01
-8.717215657234191895e-01
-3.341761231422424316e-01
-1.339752554893493652e+00
-1.420897006988525391e+00
-5.248059630393981934e-01
-1.491029381752014160e+00
-1.348961234092712402e+00
-1.206899523735046387e+00
-1.359848856925964355e+00
-4.517621397972106934e-01
-7.003623247146606445e-01
-1.521897673606872559e+00
-1.923439383506774902e+00
-9.975129365921020508e-01
-6.794372200965881348e-01
-1.481511354446411133e+00
-1.204190611839294434e+00
-9.978364706039428711e-01
-1.236466288566589355e+00
-6.868047714233398438e-01
-1.059358119964599609e+00
-9.362866878509521484e-01
-1.156189560890197754e+00
