2.391467571258544922e+00 -2.533630132675170898e+00
2.665388822555541992e+00 -2.813563346862792969e+00
2.709345817565917969e+00 -2.854972124099731445e+00
2.845695972442626953e+00 -3.038643836975097656e+00
2.673897743225097656e+00 -2.877807855606079102e+00
1.415041208267211914e+00 -1.433972477912902832e+00
2.591566085815429688e+00 -2.736085891723632812e+00
-9.481577277183532715e-01 1.085696339607238770e+00
2.698909044265747070e+00 -2.844407081604003906e+00
2.684108495712280273e+00 -2.894616127014160156e+00
2.797710180282592773e+00 -3.013718605041503906e+00
1.162470459938049316e+00 -1.122302889823913574e+00
2.755383729934692383e+00 -2.963345527648925781e+00
2.780536174774169922e+00 -3.010035514831542969e+00
2.758844137191772461e+00 -2.939172744750976562e+00
2.777818143367767334e-01 -2.591111660003662109e-01
2.513763427734375000e+00 -2.694733142852783203e+00
2.514807462692260742e+00 -2.749006748199462891e+00
2.641572952270507812e+00 -2.807478189468383789e+00
2.792466878890991211e+00 -3.000663995742797852e+00
-2.584242343902587891e+00 2.656795024871826172e+00
2.810336112976074219e+00 -3.000191688537597656e+00
2.078093767166137695e+00 -2.049200773239135742e+00
-1.912135839462280273e+00 2.192513465881347656e+00
2.036692619323730469e+00 -2.125960111618041992e+00
-1.620149612426757812e+00 1.715709090232849121e+00
-1.985677361488342285e+00 2.139022350311279297e+00
1.198969602584838867e+00 -1.219366431236267090e+00
2.754795074462890625e+00 -2.928709506988525391e+00
-2.061824083328247070e+00 2.201189517974853516e+00
2.525570869445800781e+00 -2.702135324478149414e+00
2.512816429138183594e+00 -2.724537134170532227e+00
2.695645809173583984e+00 -2.910689592361450195e+00
2.619176864624023438e+00 -2.784466743469238281e+00
2.841227531433105469e+00 -2.988226413726806641e+00
1.750799775123596191e+00 -1.759107351303100586e+00
4.152621924877166748e-01 -5.103727579116821289e-01
5.944238901138305664e-01 -5.134432911872863770e-01
1.066915631294250488e+00 -1.098706841468811035e+00
2.772571563720703125e+00 -2.910404920578002930e+00
2.168906688690185547e+00 -2.258355140686035156e+00
2.671473979949951172e+00 -2.879781723022460938e+00
2.654339790344238281e+00 -2.815971612930297852e+00
-1.930309385061264038e-01 2.267187833786010742e-01
2.787274837493896484e+00 -2.971772670745849609e+00
2.652341365814208984e+00 -2.832473754882812500e+00
2.954156875610351562e+00 -3.164538383483886719e+00
2.702396392822265625e+00 -2.852175474166870117e+00
2.719991445541381836e+00 -2.924433708190917969e+00
8.281103372573852539e-01 -7.750313282012939453e-01
2.335042238235473633e+00 -2.430218935012817383e+00
1.938382863998413086e+00 -2.040189266204833984e+00
-9.688909649848937988e-01 1.084440946578979492e+00
2.510851860046386719e+00 -2.624947309494018555e+00
2.669262170791625977e+00 -2.870291471481323242e+00
2.849025249481201172e+00 -3.031666755676269531e+00
-2.368414878845214844e+00 2.542908668518066406e+00
8.107500076293945312e-01 -8.372601270675659180e-01
2.518733263015747070e+00 -2.700850725173950195e+00
2.685713529586791992e+00 -2.938901901245117188e+00
2.618789196014404297e+00 -2.785559177398681641e+00
2.356182813644409180e+00 -2.448812961578369141e+00
2.573378086090087891e+00 -2.834506988525390625e+00
2.254939317703247070e+00 -2.361685991287231445e+00
2.203884840011596680e+00 -2.314744472503662109e+00
2.737087488174438477e+00 -2.931156396865844727e+00
-1.301869869232177734e+00 1.528932452201843262e+00
2.840437889099121094e+00 -3.058515548706054688e+00
2.628190279006958008e+00 -2.825484752655029297e+00
2.693488597869873047e+00 -2.890475273132324219e+00
2.819964885711669922e+00 -3.043743848800659180e+00
2.492362976074218750e+00 -2.731453657150268555e+00
2.788540363311767578e+00 -3.014083623886108398e+00
2.815467834472656250e+00 -2.986296892166137695e+00
-1.670426845550537109e+00 1.776507258415222168e+00
2.625329256057739258e+00 -2.797101497650146484e+00
2.921982049942016602e+00 -3.117325067520141602e+00
2.764294624328613281e+00 -3.043790102005004883e+00
2.515281200408935547e+00 -2.670282602310180664e+00
2.631037950515747070e+00 -2.834612369537353516e+00
2.574850320816040039e+00 -2.696907997131347656e+00
2.776846170425415039e+00 -2.906135559082031250e+00
2.670740604400634766e+00 -2.846540212631225586e+00
2.807003974914550781e+00 -2.980152606964111328e+00
2.303431272506713867e+00 -2.429031848907470703e+00
2.774214744567871094e+00 -2.944656610488891602e+00
4.857960045337677002e-01 -6.476812362670898438e-01
2.123968362808227539e+00 -2.307582855224609375e+00
4.430411458015441895e-01 -3.480748534202575684e-01
2.159646749496459961e+00 -2.127103567123413086e+00
2.545571565628051758e+00 -2.599249601364135742e+00
2.134284496307373047e+00 -2.307688474655151367e+00
2.303737401962280273e+00 -2.342393398284912109e+00
2.747878789901733398e+00 -2.984953165054321289e+00
2.497190475463867188e+00 -2.747917413711547852e+00
2.217617511749267578e+00 -2.278145551681518555e+00
2.719233274459838867e+00 -2.914479494094848633e+00
2.571451425552368164e+00 -2.773160457611083984e+00
2.591118812561035156e+00 -2.811119794845581055e+00
1.586787700653076172e+00 -1.648716092109680176e+00
